      0.100000000000        6.629004428822  
      0.134343434343        7.345105081488  
      0.168686868687        7.909275209976  
      0.203030303030        8.322526955922  
      0.237373737374        8.686777690941  
      0.271717171717        9.059493608854  
      0.306060606061        9.503792187075  
      0.340404040404       10.154991502053  
      0.374747474747       11.356537189624  
      0.409090909091       14.337560467276  
      0.443434343434       24.702080854710  
      0.477777777778       48.775772128598  
      0.512121212121       31.582896886025  
      0.546464646465       20.438017204627  
      0.580808080808       16.729897000592  
      0.615151515152       15.259905346562  
      0.649494949495       14.624697278537  
      0.683838383838       14.371377455468  
      0.718181818182       14.322886976251  
      0.752525252525       14.399715875883  
      0.786868686869       14.563147450249  
      0.821212121212       14.794789781035  
      0.855555555556       15.085266109125  
      0.889898989899       15.434784785460  
      0.924242424242       15.847261589505  
      0.958585858586       16.331311077868  
      0.992929292929       16.900478425028  
      1.027272727273       17.572392983788  
      1.061616161616       18.368936767609  
      1.095959595960       19.314403780655  
      1.130303030303       20.432871329658  
      1.164646464646       21.741577236696  
      1.198989898990       23.240566544622  
      1.233333333333       24.898071691656  
      1.267676767677       26.636209922006  
      1.302020202020       28.326137711233  
      1.336363636364       29.805243544799  
      1.370707070707       30.919507477274  
      1.405050505051       31.574149415771  
      1.439393939394       31.762514699771  
      1.473737373737       31.556280929831  
      1.508080808081       31.068617090546  
      1.542424242424       30.416003379650  
      1.576767676768       29.694046352282  
      1.611111111111       28.970530447332  
      1.645454545455       28.287669932364  
      1.679797979798       27.668488498827  
      1.714141414141       27.123302129170  
      1.748484848485       26.654597863657  
      1.782828282828       26.260575431526  
      1.817171717172       25.937289205112  
      1.851515151515       25.679881568405  
      1.885858585859       25.483469543028  
      1.920202020202       25.343279880840  
      1.954545454545       25.254796690512  
      1.988888888889       25.213980113186  
      2.023232323232       25.216960326365  
      2.057575757576       25.259888544292  
      2.091919191919       25.338997563485  
      2.126262626263       25.450315655276  
      2.160606060606       25.589611213610  
      2.194949494949       25.752095027520  
      2.229292929293       25.933097595810  
      2.263636363636       26.126769373137  
      2.297979797980       26.327369867513  
      2.332323232323       26.528730968847  
      2.366666666667       26.724590955176  
      2.401010101010       26.908881953959  
      2.435353535354       27.075672896604  
      2.469696969697       27.219720171053  
      2.504040404040       27.336527677297  
      2.538383838384       27.422515202885  
      2.572727272727       27.475186650719  
      2.607070707071       27.493122560512  
      2.641414141414       27.475976294817  
      2.675757575758       27.424396830977  
      2.710101010101       27.339868989104  
      2.744444444444       27.224566721261  
      2.778787878788       27.081171516854  
      2.813131313131       26.912692876407  
      2.847474747475       26.722302132744  
      2.881818181818       26.513218305969  
      2.916161616162       26.288550730440  
      2.950505050505       26.051258603728  
      2.984848484848       25.804053071333  
      3.019191919192       25.549413068826  
      3.053535353535       25.289542943894  
      3.087878787879       25.026312705214  
      3.122222222222       24.761377125205  
      3.156565656566       24.496107667513  
      3.190909090909       24.231657364323  
      3.225252525253       23.968973955551  
      3.259595959596       23.708809303203  
      3.293939393939       23.451763859147  
      3.328282828283       23.198277201301  
      3.362626262626       22.948759535780  
      3.396969696970       22.703364308476  
      3.431313131313       22.462370679174  
      3.465656565657       22.225791768223  
      3.500000000000       21.993693848223  
