0.380759432807  40.4884502845
0.387298334621  50.7149123161
0.414596338976  55.9982565171
0.436325241538  69.520097376
0.475100108253  78.688072122
0.483259152237  89.9120476187
0.508586657678  67.6303615681
0.544433444394  63.7191619219
0.572967080975  54.3246437956
0.613351602348  49.0897585508
0.679327591338  44.7064289667
0.727208735897  41.0787977304
0.739697320848  37.151334614
0.76532158514  47.7022266122
0.805431920395  42.7589161338
0.938822441115  45.5988161115
1.00499359858  46.7036246278
1.13221265223  49.007835593
1.15165649716  52.379285057
1.23282886808  56.4050243091
1.29744115678  63.3477578349
1.48678214468  66.4546366372
1.76277515188  64.0927435287
1.98591944547  59.8339471933
2.12589329206  55.9048043809
2.31481481481  57.2433783193
2.52052520553  60.6050551154
2.74451643865  59.5183164
2.98841307578  58.9412432856
3.25398404823  58.3697653123
3.60400321329  56.3579391732
4.12995040189  54.8412489847
5.15322724523  51.9726055646
5.61117851772  48.9532962554
7.12169716595  44.8560190887
8.44370565539  41.4925346502
9.51256842654  39.0603044808
11.2783969816  35.2374327094
14.072842759  31.7621730785
17.2632013116  28.8777877089
19.1201407495  26.7421757811
21.9104224661  25.8060838972
