      #EnergyColumn         0.000000000000        1.000000000000        2.000000000000        3.000000000000        4.000000000000        5.000000000000        6.000000000000        7.000000000000    
      0.100000000000       -0.541693868666        0.096947519487        0.071414229777        0.011732899650        0.002162777132        0.000193453133        0.000014489321        0.000000858166    
      0.102127659574       -0.552868962736        0.093857657046        0.073216250460        0.012319421892        0.002333267117        0.000213038925        0.000016319393        0.000000988545    
      0.104255319149       -0.563949746895        0.090654701228        0.074977515450        0.012915375491        0.002512395660        0.000234054138        0.000018328035        0.000001135121    
      0.106382978723       -0.574937809345        0.087344623054        0.076696376697        0.013520164436        0.002700395250        0.000256555997        0.000020528955        0.000001299275    
      0.108510638298       -0.585834689398        0.083933053697        0.078371358775        0.014133190163        0.002897452806        0.000280595964        0.000022933816        0.000001482778    
      0.110638297872       -0.596641927707        0.080425355372        0.080001115798        0.014753833817        0.003103670464        0.000306244706        0.000025556575        0.000001687242    
      0.112765957447       -0.607361094049        0.076826664932        0.081584379145        0.015381518309        0.003319192872        0.000333567721        0.000028410387        0.000001914593    
      0.114893617021       -0.617993661173        0.073141805462        0.083120035180        0.016015604864        0.003544207721        0.000362612101        0.000031509215        0.000002166788    
      0.117021276596       -0.628541136311        0.069375503198        0.084607155676        0.016655475250        0.003778856799        0.000393442810        0.000034868980        0.000002445913    
      0.119148936170       -0.639005001240        0.065532081515        0.086044819893        0.017300553696        0.004023317507        0.000426118267        0.000038504846        0.000002754081    
      0.121276595745       -0.649391254270        0.061615805362        0.087432314072        0.017950208860        0.004277658559        0.000460700148        0.000042426763        0.000003093645    
      0.123404255319       -0.659692556640        0.057630629341        0.088768867244        0.018603784399        0.004542129798        0.000497273551        0.000046660638        0.000003467074    
      0.125531914894       -0.669914527613        0.053580320415        0.090053994319        0.019260747775        0.004816734340        0.000535846848        0.000051215161        0.000003876869    
      0.127659574468       -0.680058583317        0.049468487356        0.091287164116        0.019920459664        0.005101721347        0.000576510487        0.000056108879        0.000004325675    
      0.129787234043       -0.690126078164        0.045298619504        0.092468060907        0.020582338596        0.005397136605        0.000619309720        0.000061359167        0.000004816392    
      0.131914893617       -0.700118368218        0.041073934925        0.093596329607        0.021245786573        0.005703145847        0.000664319552        0.000066984419        0.000005352077    
      0.134042553191       -0.710036758262        0.036797536286        0.094671724006        0.021910212174        0.006019850814        0.000711575145        0.000072999596        0.000005935693    
      0.136170212766       -0.719882554809        0.032472320630        0.095694153498        0.022575040859        0.006347358136        0.000761145541        0.000079425599        0.000006570341    
      0.138297872340       -0.729656989080        0.028101137197        0.096663528474        0.023239731163        0.006685826341        0.000813061842        0.000086279356        0.000007259401    
      0.140425531915       -0.739361341283        0.023686599199        0.097579823041        0.023903745484        0.007035314926        0.000867428448        0.000093576582        0.000008006767    
      0.142553191489       -0.749003848488        0.019231192653        0.098443070559        0.024566448433        0.007395953591        0.000924276139        0.000101343887        0.000008815485    
      0.144680851064       -0.758571867241        0.014737350586        0.099253427473        0.025227401189        0.007767857144        0.000983627313        0.000109596036        0.000009690085    
      0.146808510638       -0.768073352657        0.010207332605        0.100011012940        0.025886007618        0.008151122548        0.001045488840        0.000118354005        0.000010633613    
      0.148936170213       -0.777509483457        0.005643212198        0.100716047700        0.026541799056        0.008545845469        0.001110016061        0.000127635971        0.000011650859    
      0.151063829787       -0.786881379121        0.001047125018        0.101368799401        0.027194223329        0.008952149889        0.001177243590        0.000137461121        0.000012745875    
      0.153191489362       -0.796190123631       -0.003579023828        0.101969612534        0.027842905313        0.009370140500        0.001247260109        0.000147853106        0.000013922689    
      0.155319148936       -0.805436794945       -0.008233368124        0.102518760706        0.028487214232        0.009799886788        0.001319880327        0.000158829695        0.000015186193    
      0.157446808511       -0.814622468687       -0.012914172809        0.103016638838        0.029126823470        0.010241534360        0.001395313671        0.000170411714        0.000016540940    
      0.159574468085       -0.823748182108       -0.017619802021        0.103463652957        0.029761222356        0.010695136699        0.001473604203        0.000182623811        0.000017992008    
      0.161702127660       -0.832814928273       -0.022348667633        0.103860290133        0.030389919163        0.011160856481        0.001554997680        0.000195483324        0.000019544096    
      0.163829787234       -0.841832194552       -0.027099258740        0.104206974714        0.031012619810        0.011638731429        0.001639128752        0.000209005620        0.000021201396    
      0.165957446809       -0.850784057744       -0.031870176789        0.104504242721        0.031628795711        0.012128906752        0.001726035147        0.000223230506        0.000022971204    
      0.168085106383       -0.859679830671       -0.036660093010        0.104752570827        0.032238143141        0.012631488442        0.001817606660        0.000238164994        0.000024857482    
      0.170212765957       -0.868516125842       -0.041467732500        0.104952533426        0.032840208461        0.013146556771        0.001909825448        0.000253826032        0.000026866863    
      0.172340425532       -0.877302496889       -0.046291851486        0.105104620893        0.033434659571        0.013674251529        0.002005990654        0.000270240754        0.000029003621    
      0.174468085106       -0.886035519474       -0.051131266382        0.105209472178        0.034021135402        0.014214667091        0.002105014563        0.000287439194        0.000031274528    
      0.176595744681       -0.894716076675       -0.055984928473        0.105267655608        0.034599320744        0.014767929657        0.002207605260        0.000305424187        0.000033685840    
      0.178723404255       -0.903345028946       -0.060851793983        0.105279750382        0.035168880529        0.015334146090        0.002313238008        0.000324236069        0.000036242654    
      0.180851063830       -0.911923151056       -0.065730855092        0.105246384047        0.035729505327        0.015913439103        0.002422053407        0.000343892801        0.000038951937    
      0.182978723404       -0.920451266455       -0.070621209406        0.105168117820        0.036280892160        0.016505963316        0.002534210689        0.000364407907        0.000041821215    
      0.185106382979       -0.928939119010       -0.075521933867        0.105045642630        0.036822724926        0.017111808226        0.002649468691        0.000385804962        0.000044855227    
      0.187234042553       -0.937369578974       -0.080432205627        0.104879540213        0.037354801365        0.017731133328        0.002768139128        0.000408103897        0.000048061741    
      0.189361702128       -0.945752382404       -0.085351210519        0.104670464708        0.037876824855        0.018364083652        0.002890022611        0.000431334612        0.000051445946    
      0.191489361702       -0.954088251560       -0.090278207392        0.104419036518        0.038388564340        0.019010811945        0.003015106745        0.000455501770        0.000055017761    
      0.193617021277       -0.962377894341       -0.095212446842        0.104125888720        0.038889810919        0.019671431367        0.003143561547        0.000480651591        0.000058780628    
      0.195744680851       -0.970622030675       -0.100153259928        0.103791656198        0.039380287068        0.020346153206        0.003275430192        0.000506786768        0.000062746252    
      0.197872340426       -0.978821353013       -0.105099956986        0.103416971657        0.039859829264        0.021035103683        0.003410578917        0.000533928424        0.000066918298    
      0.200000000000       -0.986976520164       -0.110051955848        0.103002447663        0.040328262581        0.021738485864        0.003549105055        0.000562099713        0.000071306609    
